100
14 15
1 3
18 17
4 7
11 17
3 5
8 18
2 3
6 5
5 7
10 19
6 7
21 6
3 1
4 23
3 4
19 5
3 4
12 21
6 2
19 17
4 7
18 10
1 7
19 2
1 6
14 24
7 7
23 22
1 5
17 12
2 6
12 24
7 1
8 20
2 2
6 19
4 1
4 12
5 4
5 11
5 3
24 5
5 3
19 8
7 5
19 20
3 4
4 21
7 4
12 20
2 3
7 8
7 2
3 21
6 3
17 4
1 6
6 6
1 7
4 24
7 5
23 14
7 6
18 10
5 7
9 8
6 5
15 20
3 4
17 23
6 6
13 4
3 5
5 17
5 6
12 8
2 1
10 5
6 2
13 7
3 4
3 5
7 2
24 9
1 7
20 22
5 5
23 4
1 1
22 8
5 7
20 5
4 1
13 5
1 5
2 8
2 6
5 17
2 6
3 23
1 5
15 21
1 7
10 4
2 1
22 11
3 4
7 3
5 4
3 21
1 6
14 8
3 3
17 20
2 6
23 8
7 1
23 7
7 2
12 18
3 1
21 16
6 2
2 17
6 4
20 18
3 6
13 14
7 6
10 6
5 6
2 16
6 1
12 3
5 3
6 9
7 4
13 21
3 6
13 20
6 7
21 6
6 3
14 15
7 6
4 2
5 2
24 12
2 2
9 22
4 4
24 23
5 7
15 3
4 7
24 20
4 7
23 24
1 2
16 4
3 6
7 16
5 4
19 21
7 1
3 17
3 3
16 3
7 7
15 8
5 6
4 6
1 4
23 15
3 1
8 2
6 7
2 23
5 5
5 8
1 5
22 8
7 3
10 24
2 1
17 14
6 1
2 10
4 7
5 10
2 6
18 22
6 3
5 6
3 7
2 3
1 2
